8.848398437500000000e+08
8.946621093750000000e+08
9.044843750000000000e+08
9.143066406250000000e+08
9.241289062500000000e+08
9.339511718750000000e+08
9.437734375000000000e+08
9.535957031250000000e+08
9.634179687500000000e+08
9.732402343750000000e+08
9.830625000000000000e+08
9.928847656250000000e+08
1.002707031250000000e+09
1.012529296875000000e+09
1.022351562500000000e+09
1.032173828125000000e+09
1.041996093750000000e+09
1.051818359375000000e+09
1.061640625000000000e+09
1.071462890625000000e+09
1.081285156250000000e+09
1.091107421875000000e+09
1.100929687500000000e+09
1.110751953125000000e+09
1.120574218750000000e+09
1.130396484375000000e+09
1.140218750000000000e+09
1.150041015625000000e+09
1.159863281250000000e+09
1.169685546875000000e+09
1.179507812500000000e+09
1.189330078125000000e+09
1.199152343750000000e+09
1.208974609375000000e+09
1.218796875000000000e+09
1.228619140625000000e+09
1.238441406250000000e+09
1.248263671875000000e+09
1.258085937500000000e+09
1.267908203125000000e+09
1.277730468750000000e+09
1.287552734375000000e+09
1.297375000000000000e+09
1.307197265625000000e+09
1.317019531250000000e+09
1.326841796875000000e+09
1.336664062500000000e+09
1.346486328125000000e+09
1.356308593750000000e+09
1.366130859375000000e+09
1.375953125000000000e+09
1.385775390625000000e+09
1.395597656250000000e+09
1.405419921875000000e+09
1.415242187500000000e+09
1.425064453125000000e+09
1.434886718750000000e+09
1.444708984375000000e+09
1.454531250000000000e+09
1.464353515625000000e+09
1.474175781250000000e+09
1.483998046875000000e+09
1.493820312500000000e+09
1.503642578125000000e+09
1.513464843750000000e+09
1.523287109375000000e+09
1.533109375000000000e+09
1.542931640625000000e+09
1.552753906250000000e+09
1.562576171875000000e+09
1.572398437500000000e+09
1.582220703125000000e+09
1.592042968750000000e+09
1.601865234375000000e+09
1.611687500000000000e+09
1.621509765625000000e+09
1.631332031250000000e+09
1.641154296875000000e+09
1.650976562500000000e+09
1.660798828125000000e+09
